1 552 129 
1 501 185 
1 483 205 
1 435 236 
1 366 351 
1 331 395 
4 274 0 
4 265 0 
5 960 504 
4 236 0 
5 949 429 
4 213 0 
5 984 353 
4 206 0 
5 1000 326 
4 195 0 
5 1034 277 
4 192 0 
5 1047 261 
4 168 0 
5 1092 234 
4 160 0 
5 1109 226 
4 147 0 
5 1140 205 
4 134 0 
5 1222 172 
4 130 0 
5 1251 161 
4 120 2 
5 1303 153 
4 116 3 
5 1320 152 
4 98 7 
5 1377 135 
4 85 14 
5 1438 131 
4 81 17 
5 1457 130 
4 70 19 
5 1514 119 
5 1533 116 
4 60 26 
5 1550 121 
4 50 28 
5 1604 106 
5 1648 88 
5 1662 83 
10 577 505 
11 1081 504 
5 1681 85 
10 576 446 
11 1016 419 
5 1686 86 
10 577 426 
11 997 390 
5 1695 88 
10 615 366 
11 977 342 
5 1709 82 
10 658 322 
11 997 296 
5 1713 80 
10 678 307 
11 1012 280 
5 1724 78 
10 734 265 
11 1055 246 
5 1742 73 
10 749 228 
11 1077 217 
10 758 215 
11 1091 207 
10 792 188 
11 1111 180 
10 825 161 
11 1148 158 
10 840 152 
11 1166 152 
10 870 133 
11 1197 150 
10 883 127 
11 1211 151 
10 913 107 
11 1258 139 
10 933 90 
11 1312 132 
10 941 84 
11 1333 130 
10 988 63 
11 1352 118 
10 1006 56 
11 1361 114 
10 1032 53 
11 1393 110 
10 1077 39 
11 1431 116 
10 1094 35 
11 1444 119 
10 1107 28 
11 1480 113 
10 1112 26 
11 1493 112 
10 1148 17 
11 1522 109 
10 1176 14 
11 1528 100 
10 1186 13 
11 1530 97 
10 1227 33 
11 1550 89 
10 1256 38 
11 1568 91 
10 1265 40 
11 1575 92 
10 1296 15 
11 1599 93 
10 1307 6 
11 1607 94 
10 1324 38 
11 1630 96 
10 1330 51 
11 1638 97 
10 1347 51 
11 1648 96 
11 1667 97 
11 1675 98 
11 1685 127 
11 1688 138 
10 1506 18 
11 1707 142 
1 1760 159 
10 1531 30 
11 1720 146 
1 1770 151 
10 1538 35 
1 1818 124 
10 1571 36 
10 1583 36 
10 1595 37 
10 1629 36 
10 1641 35 
10 1657 43 
10 1661 46 
10 1690 45 
10 1714 61 
10 1723 67 
10 1725 70 
10 1742 72 
12 1007 0 
12 1002 0 
12 1000 0 
1 1005 0 
12 997 0 
1 1001 0 
1 961 0 
13 977 0 
13 970 0 
13 967 0 
13 961 0 
13 955 0 
13 953 0 
13 955 0 
13 956 0 
13 947 1 
13 944 1 
13 937 0 
13 935 0 
13 925 0 
13 922 0 
13 919 0 
13 915 0 
13 915 0 
13 905 0 
13 895 1 
13 891 1 
13 876 2 
13 870 2 
13 868 2 
13 868 2 
13 861 0 
13 853 7 
13 851 9 
13 846 17 
13 844 19 
13 838 36 
13 836 42 
13 846 44 
13 854 65 
13 859 72 
13 874 98 
13 880 108 
13 881 129 
13 886 170 
13 909 207 
13 917 221 
13 902 271 
13 897 290 
13 889 343 
15 141 3 
13 873 439 
15 157 0 
13 864 475 
15 163 0 
13 886 551 
15 170 0 
13 888 584 
15 217 1 
15 229 0 
15 233 0 
15 237 0 
15 240 0 
15 244 0 
15 244 0 
15 250 0 
15 256 0 
15 258 0 
15 263 0 
15 265 0 
15 269 0 
15 275 0 
15 281 1 
15 283 1 
15 284 2 
15 284 2 
15 286 1 
15 291 1 
15 294 1 
15 295 1 
15 296 1 
15 298 4 
15 302 6 
15 304 6 
17 61 31 
15 308 10 
17 67 32 
15 303 16 
17 79 29 
15 301 18 
17 83 28 
15 303 24 
17 94 27 
15 299 34 
17 102 26 
15 298 39 
17 105 25 
15 296 44 
17 117 26 
15 298 54 
17 127 15 
15 298 58 
17 130 11 
15 298 69 
17 142 9 
15 303 71 
17 151 3 
15 305 71 
17 154 1 
15 308 75 
17 167 0 
15 309 77 
17 171 0 
15 309 94 
17 180 0 
15 311 136 
17 205 0 
15 322 173 
17 221 0 
15 325 185 
17 227 0 
15 319 192 
17 239 0 
15 316 194 
17 243 0 
15 311 196 
17 255 0 
15 306 193 
17 277 0 
15 303 191 
17 284 0 
15 289 173 
17 299 0 
15 284 166 
17 304 0 
15 281 138 
17 316 0 
15 280 127 
17 320 0 
15 274 94 
17 340 0 
15 282 82 
17 352 0 
15 285 78 
13 860 535 
15 292 70 
13 846 532 
15 294 67 
13 844 441 
15 301 64 
17 408 0 
13 869 326 
15 310 53 
17 420 0 
13 884 279 
15 315 49 
13 891 218 
15 323 44 
13 897 195 
15 326 42 
13 915 132 
15 329 37 
13 924 109 
15 331 36 
13 945 89 
15 328 31 
13 989 47 
15 328 30 
13 1006 33 
15 329 29 
13 1015 19 
15 330 25 
13 1040 0 
15 332 24 
13 1049 0 
15 333 23 
13 1068 0 
15 335 23 
13 1116 0 
15 336 23 
13 1132 0 
15 337 23 
13 1156 0 
15 336 22 
All people counted: 7Number people in: 4Number people out: 3